$ANSIBLE_VAULT;1.1;AES256
31646430623334623935613062633532666632356533623061313330653063363165393961376536
3863303162613530636136383465363066636364633838380a303465393039366461626634383763
38633432353739643362633735646436396264633731356131303333626163383063393334663663
3133373336306534340a333730653239373561663131623863643964613233303264393338623464
61313535303034373234313236306666333038363534393939383334653136303535316663383438
39393438616135303431376230336430336638623033363262336439656632373233303733303635
35663733666361613635383261343961343939356232396562643130373439383132363636613532
63323666393265336433316630346634623434616631633138353766356165643361353238663461
62626138393237316232303332643061313662653738646663356364633863303461396534356634
61346161643837666265343034316132396333636362353364646235303334386636653230646664
33633736363038313361643432306664323634303632306439313265636235336332313732346238
64666461343034623036393561383766633232393832633330303830386561383332353331323335
66393834303333333437656263653161313366393466623230363661363939616530643261333733
36393963353338373633663062376539623837353537313066353064316535643464376231393062
61336530626538653536346635616439613433613764646562613133323731313363666434363037
39663765356665326332663965663861313432613663623638616434386135316363323839666335
35373439353363386530343435643166336131646366653537383136393133396633616466636135
35386663393030303935663032393830373934303239356265613364373339616663366432666165
32633737393839613532396430643338323766346665356664336533663134613432306438303333
65313432396432376331313832656465306237326138656339336134626261663766353833316662
63396632626130356262383032633636633737616461613336633664663733656138376461646564
32613561346639353334396661353238363836343065353732366636326537313463313433623639
34636630343835376566666336323235323130626335623430613264626534323037626337396331
32396535646536313138396436316433313363376538313934393661653262633863343031613038
33333565376238323161356232323236643534653463343933653537303239656132323131623433
64393839363031323539663636636361656436313036666234346465396261663862326131363535
61613064663361386538316132323262313530333737656530326165643535653537643038336465
39303565383861333039656666646536396331343865666232663533643133323335383330376333
64306232636334633666373762633539636666636139346138343838376631643063353539323134
39383632623662353837356335373430396265396634656639616237626435616638306536373937
37343333386263376331333235363165393635666437623365653838393936636333373965363136
38663662666331383066326332376638343762623138303937653331343863323463616438643764
62653461396434623337386265393535656139663361366262623936336363643166343330653562
62653835363433353231346530366165623038396235663931626532303333653661393833333731
30383839666636333839303562653563336130623761366262643966383938313932623238633131
39333630383435316462636335643934323962383439656165356236363162333334616232653734
37386635323362313030623532633266383030643232303536623031363261353363393831336566
33323438323539653931306361633735353534336536313137613764626232633239623362313839
65626136653737343866306466626261363966376435396666636563303863393464353830346437
35386538363539646431376437633462396465616565623035623166336532656538396333393138
39313663626263326431333661333832363663623865386235346635326233306130356664333733
39333266316265646235646264633264623530626137623038623061643837656531303636363434
62623332386531663934663437333666393131326263353737626535623731393537636561343733
33393736323463336133323536656563326265643264636664333930613831363463333663323132
33643263663766323235653861633264356665336638383739646330623965393333353937653266
62623662633965656565376433636334336565623633323964396239336532323464633030653961
33366466623936393734316566303562333430663963343733316334303764646334396333663632
66626165633231323037353361343365646235356463393534643863326166643739396230303632
63336237323835363266646262653434323561303136633333323736666635636336346530326435
63633434306566383630343565663734343835373833303739643662373861323965653330353437
63343430363536333630653035313435613863303939613238636561393038316436663161343934
30386331346639393137653232363462313435643037643663633665396333636665663933626166
33616362333834643766636238656466353230363336323439626334633334613665666663633962
64333335383462393963386432323831373834323362613064636237383231623133646532366434
35356332313164393766626137393136666538313865663937373439393563383035643339626139
34326538356434336633643262326530623932383265383038653735306531633136373162373633
30623064306462356666363366653130643132356638353335666463356139653730313265386132
62366262323133373934373939623731386537313864373531616263626338373934633363316131
37313333643233636664393131623232393431626565326135653636343563623766303262653930
62323765326234613935356339316361303639383335366134393764323063323661336234323934
64343963656462323936353033656565346364663138623238373639333366373862613237626632
37663733646531333964363535333133656538373466386431386631313338343132623038653837
64376434376639646239336435353334643865663238333763393262666461653531343162666539
30653361383334356230396433396532663532343665303664633566633434306532613264646664
64666335393962656532306664363166383964323936303835303734373539323731383064373065
37383032323031323564633464313333366262323333393638663733343461346463323463613831
30303265313862326231383036363137656635373161646539396162623164316166376634346631
65303031663838343562353935633438653836613736316262343836326461376564323162616134
38313162336539656538656434313434633934393364646132623737383161326134646139336262
63383661343031313130323939663033663864323037363535646437666363623932653636303533
62363838643965383261313238663638313331363138626337613735373861333939333262313733
36643035303065363366346566333164633663346337306338633037336332383138393933343966
35663836333438343735343161383234373335636139316661383235626338326164613337303939
39613430623736336235633435646230343434363662346264353735373437343835366265626266
32313561656430323436393035653063333835383164346133613232376566663135313737663133
33363566366239306265646164353162306430396436323832363331346634313663643239336162
64386261326264646330363464633431393736663666363762366665346233353932396135633962
62396636343336363437613862373433626165343133656439646133633032663034363036663532
38333336313035636464663061636666633233653261346337316231346231366636643365303364
65666430323630343132356331656162313865616538396364383063376261623535646237353233
31313362373865393830623562656361633933333566323238613062363664323638366161386239
64346264666533373433666262646139656532663630616464623439346534663638316635303166
65616631623463663838336437636565643133626638353461353135333339633636396530623664
66333866363732333834623062363331363863393763366530636637306462643935363865646437
37323432623835336333363037643633666537316530346231343230313438663532343733613765
32333339326631306332666264373665366666363934656165313762653765346437336639636436
30313834333465326530373364623865363539613232303034313031363961333534343963656439
30343964666365323464363636373238656234623361616438343435623637633933383066633531
32646362373732376662613634356335383663616266306364346262616538396439666534343135
38613834306239623239353632373366393162396462663537306231373030633162346162353461
64396539643136346164333965643261303034353863653565323034373962316539626235663062
66633239316461383935303339396236376632373830653633333433323937353435626161326633
32646462353762393137376437633064333065623631383564373332623835363337643639633831
64623934323665623564303630623262363036333235393437306166343630663866643438633932
38333830616533393761636362346238623362373066333436623139643437386634376336646436
32373165386362386435323534663835613761353033636238326336386639383534303665383761
63323033353138356130343832393839366535613337663837353264326334316438303864343862
37653037396338623130366262393465336231636535323833656234313636353236343262363561
39316263373963303736636664323431313232626165616334373464333935643036633931663062
32616562323737643663343530383336633939646266363835663534393965643832366231653034
65343631633531336633623937306336313131613632313738356131333730313333346539666134
62393066616130323239663430653932343839333535636237386331386261316435623662356165
33336532396662333066373763636333623333396266633937653239383834353138333036666265
38626630383236376261653631373266333839383832636439663931626537383165323563623835
61386335643965383962353534313632616565613730633831316239656539363065653336353133
61356132376164646265396564396438366332613234343064343565633430306463316335616132
36396436373931663165393036333930326638396561633531303533306437613130623030336463
31356339353936666166663932623935666465623535653339643437636637336339326165656234
37626161326532306530333838363331386563363161663632363138323330613164366233633135
61363463376434633637636638356531613033366163363061636531316434356137633766663834
63383466386564656262313435396537376465623535316536373638343938313931613633373935
39396338613761313361303061626166373161306365316634363035313864383439323861373961
34306332346265343030656638623532626537396430326636356238643832633265303130343632
63356166356663323362396162363464663033323530373738633961326563656662613230316566
31393937653063656431333130306235333531636663306130393365386639663836393233616231
64333462383336343738323730326537366466613261313562386238356239343365646666653534
35333633326538383638623833366237356565623734656363313537346437386465333835666265
62353032333762346237666362653438613761353738336636653135613364313139333165393563
32356236636335336436346439613737643238383933626631613062333565303031343364616139
34383461643262613439366438646432323739633361643965396666346365303662393231636162
35306239333633346139623334346237323132613661353235356365373263323131646165363735
33333430326430353465623634663065353262626666373933623963633234623037306632323737
39643737623562633161353434333665663631343934623630323662666439616131646237666337
65633539306461306138353733313432396437633464383136626533656466336164656335613832
61343364383136666338666636393462396462363730333363323337303963353262343937316539
34633333646261376239396264613666323766353736643464393963393966626431656365333934
66306664343234656337653033633265396138643662653865626565343661306233633634316434
38656236383036393537323839646562333030646439303630333136376533616562353332353962
64313936303935326134303035393736336233383963626466383536333532376539636639343439
65613132663930383761303865396337313937366133313130643461353633323639326130363332
65646133303831353433343439613966393838393330616438656434353239653539356238306261
36643665656265353664383364343266366633656230613966383133613735633339626336323834
35316665356130633366353635623964636665306235353764313636666336623130303964393832
33323131326638383730313339636462343261336266626666643531623364373232323861633631
313939643636393936653537353063373637
