$ANSIBLE_VAULT;1.1;AES256
63396536666434356331356238343333376461326631356237663064303037363061393331393934
6362663435383566393063313134386461646437663336370a656536633835386665623036346638
66323731356136343637353764376636343864343939643964386133356637646138376463343931
3565633863353033660a343165613766376630656534616438393735653766616331653833313230
38646130383539366162386639626333396538303836383638386636663438623636386661373133
62373263666330643665646531373631383239316166313664316635343230633462333663613064
38653337366433383765373764323964626637396561336466346233313962626432653363616537
37336162623438346132623532666663626432353563373461636336613562396131626562613834
65633164643134363332653730313831333162633665646631366166383661393738393564343662
32396232376664353534643632376630363236356536393364643532633934626432646530643038
30343962333232623835346134373332333166323431663738636165373663393964393536623064
62633330643733616362616132366230353764663639356431623834663463616162393365353930
39346535383266323566333665356536666139653335306234623035303638316132336338346632
37643035626431633138303234623161366634386133323733646631393031323766663636663665
33623763616137396231333664613039636435323061623964656262343036623738623365356166
64313138643137656534333638663163313561633565653832616535313730363938346633653138
36333562346530326234383831366438666239313262303837623233306633353134386330383338
35643536376338303262396362623861653933366531303364613164306363613566326635323135
34346561666338316332653830386636353434643236393031653364373233373466303830613833
64303263383134663464653433393061326336356336346638653333336532366364356335626261
39366233613230313034323538343339353866643364343636373331313562393031643633663866
36303032613066343163396465323831383966643238643531373334636432373438386263333066
33346139303535626362633936663634343764373532306561393664666633353736653665353965
35386361353835396161316530376364366162373033346239643736393835623862326337663430
37646431646465666536313433663839623233336235333035363363656133666534303130613365
61393738396562633366663162316466356461333338343064373334613032303835633639313264
63623635363833323633333230666339376365393139626336363432616461383662306133316333
37383735353565363962356334363534633365666632363330343536663161363136643665623731
33333666653566633033326636313231333561363331373465363435346161636332613533636135
65663138313166636163613262323335393339626462643037393830326137373131316230643035
34343232353262353330396261393237393039376332313663343262386639376436366233323664
63366364383838613363663333313139383037643733383637323638336362323963376234303630
39323664656561306631656661623733386234316330623165616366396130333032363334633765
61393063646536383563303237306465396434656165373034316639306163353635643264366334
64303136656535393930396164383964303865333633643339356464376565313664336462646664
35646433313663356166653732303037613539333564633439323333346265356365386261643761
34316163373630306561323535386462316461393265643165623662656265363039663033323032
63666638343862633430636239353331386634383866373966386363363132313362353133366438
35623063313430613463323765653365666631343637346538363165633335636134373066393230
31303434653930353330626131393939636332323866363130396462383539333966363434333862
33313130663832303333613330373763356463633064636333336334623130353032646231323765
63376261323537623662393936653337613635633364383561303130663065323134623632363731
66333634656639633933616631623964396433633165386565346331666538666234663239356332
31303139376233333135333437383666323236623235366136313935636239373164636463323330
64353233616130343364313730643966326365303636616564356136633534353665663666656638
66656365656531393136633439353663306263303565316439663633643938346465636139623961
66323635393839323164323237613033353338653766303363626230666264653833623463366661
63613865653665613962393162626638336533663061623762313636396132613463613761353830
30383934353130303263353837353435376535653038303166643061633133326137346636353861
32613162633563653238306164646465363464646333326164643235616261613632613137356366
38383735303434333464333031633933343736383865663431613262363065386133303232386539
38656633333062366635663739353932326536326264366538383638616635386434613035376532
36363464326562303533343639316430633330643839313130356333646538333335346665343231
62323739646435343935386437623335383837323434366363663763626164343966623135316238
35666131313538613365643838653461313130636433393735323761363362353836633731353564
37323735656466666665373833353333376663623934666135306361393265643537666437386331
39343937626564643432316362383761633561663962373430373464633730616531393764653035
61303736626633313536653137356537396138663830396466633834666632626433356432313334
63616337323533623862313635616331643162353139663532396663626636386664356535343132
38366663336564303635353035346665636163616634633137636633663738383837633134346630
30333265313430326135376431663031643135363431306435633236653433366639346366353263
32653436343461333964303063366365303735656362643165333335336438313038613663633038
36613238393863316566313463666133366138356561336234373639663235393231353763373137
33623931383465613361366339356266313435326231643864323862363561636435346134356536
38393535656631653034316361373566613733353839303031366162363638313463376264386637
31663938356132326462333366666131323031373664323365313662303837626536366565356231
37653535616137353732353534613866666461393734663334353966656365383931303632646437
37383731346138383661616139346639643463333730373861323737343766336464323733666535
36343935343939666330353731666339353334356161316533633839306462643561653535336365
65323536323831613036303537653865616432343163613062343633373031616437316531356163
35643565636130306363623032383766333733633537646566313662666335393137353331316666
36333032356235646663316532353234303664616663363534343937623164343363653239326264
62333232613937363966323861356338373832353831626564313162353264613061653336363937
64353036366661626163643133343531613164396363623830303932633739373566363433326334
35346166363634316235623138303330663734323137376635646663373837376632396137386261
38363663326461616437393437343034626430633735393436373134326463656132623161643561
65393664643763333837393435653731333466336635666462616137633838623636373436663238
35613539333030656538656537663761306130326533346361636431313463613931323436353665
33646434663330373165646230303232353035323333333366313634343132333834616361386638
64666435386464656230316333386132393162643836316361383463616363313831396562383535
35346366373366656633633531363339363739353730323139353966646331613036393338623762
34316261323966633763353039343637323430333362383264623037623462373837386165616564
66373438643038643835303630643965303335646661383165366438336535646566386532633339
32613537383430633838653831633162323430336163666630303463396532366562323664393935
64376330326166313036343265666436626363663966653864643366343533656336313834656439
63633161386262383332353231663837663032326665633632353865353437626161353431623837
31653262636564366561613362306332383035363261333736353961653935663865396335636364
36383364613633653031303030613565623562386633386531353736383139366365653537393035
33303462373230323339356630333661366336346261356262353739326635363539663262656363
62656337376536613163366634376438653036333438393566343738396637663363346636323965
62376435616530613136366563303032633763383661383638393730323935323835356263336238
39363963653636383461316639383366316630663537313538386539323065393063396135636634
39383766333230383039326333663565323066343035343765336339663132626265383532643235
31313362396635663737636633373165613039626138666561653931623563343933303133636561
36376130373634633064306433653732643030373261323464666633333438383433633165306139
64613964663439306430333337646435316132613137653332326263383038393231653633633939
39363265323438653038636335623966653265376534633063376666313934646335633134336635
62316161376339373639656436313536613930363761633961323034396337323232663030616464
32326138393961303735383263646332366331303637313063373539643831333730326137346534
65353535656362363135313630666435343533396132306134613462643930363566373739383537
63343766643762353637656361313638663561633765636239633239646130313134303465626163
35663562616138343638386133366335393462623535323138303662386561343833613765393361
37343233653135303535363532363064356437656333303861393835353536633766626334626662
66326434343562396563373331343339633065383765323563346638323238643835326531393535
35383530363032663434653062653331376461323338623334643134626161303631353936383632
34366363316430396436333732613037393435323266386563363039353165346166653134313530
32383434393738656264636537633464366563646536666361396631663633363361346563313534
65316362366535333234343964666134653432353339353264653335623962333062336430313733
33373262366264316530336465613035376230323139333463376337383935646231353062393431
30636239376233316437316563623639316333363161666466366434346564613535353161313931
38643363386631323335323833353239616431356261616130623661396631303364363231333433
35343764663637343231326434623364643436626131336333303861313233386637383632623339
63343438383566373233666165323935653565646635383230666230653134373963346234623165
66316130663566303164633037663630393433633265666666643337376637313530666164616134
65303635386136666365616530646133656539613732626330643337363664663733626538636363
34313636613135626161346134663364376332393931643666633034386238306266396166313838
39346637653138323933353733383134373630613139353534303461653765323961323932343961
61633433396438626564396639633166613464396562343336333464383032653938643837366161
37613232626630333137313434623339656163343766623666303432653332633861326562323864
33626566643763303564326266313234663231343139343264653765333536633733306265393233
37386366316439663865313262646430363233646362383762303737376564316334316661653834
62303235623566313963386562393532366336643334326437663566316634643234333530623038
65386532316266633864613135363732616133336438663139376233326130356634386338356365
38383039373366643166623432663539663565386564636262633961333364323365303536646562
32656532346432643031316138323135383732393434373837343863613463383437316230343938
66646239326232333933363131343531623937633963643663323034353335386535333266626532
64393832636138356532346133353239643762346335653434346365613036376539323135343261
34306663303866323665663837363261353439353036316461373230373738656334623162353532
37383237396436383263633663623965643236363836303135633564356435663539303861333432
62363862663331393661643635343164386463653431613433366539626130336236366661323438
63313036316332666432626135366566323937626462616563323838343563326565626665373232
30313233313634326437656238303230376235386138613539366466623966366335623637663362
31396438326565633163323530343837323264363666363931653034336635323466346164333634
34353132323832643336626132373637386462623333363163303833626630616637343262643066
303561663638303365353961613930353561
